27691276
27690288
26309866
27699111
26951304
27704688
27705838
27704751
27704769
27706176
27667456
27672760
27673570
27672808
26979594
27674321
27670171
27675106
27682820
27688216
27681483
27679918
26979276
26946092
26977656
26954621
26957426
26954630
26900378
26923009
26932253
26932750
26906589
26922673
26934035
26932148
26943174
26943271
26951312
26263530
26899612
26297060
27668118
27667731
27662063
27668274
27662519
26970759
26884992
26902541
26253879
26245442
26245639
26245621
26895498
26253909
26313324
26246961
26245604
26245469
26262347
26246988
26246198
26281953
26241501
26293650
26247003
26245574
26246996
26246503
26263335
26268019
26284405
26887550
26294079
26272377
26245566
26246228
26253887
26253895
26281996
26233592
26245591
26253861
26246953
26256177
26245451
26281988
26262321
26245558
26293099
26297612
26278758
26294141
26245477
26305062
26290448
26278731
26890861
26278740
26288044
26293137
26297591
26295245
27717143
27726240
27725162
27725022
27743659
27737888
27739091
27747387
27745392
27751171
27747689
27701018
27715515
27689824
27756335
27754928
26919443
28267800
27755487
27745244
27759814
28283252
28277678
28287134
28288661
28290356
28290381
27707997
27728919
27730859
27729419
27730557
27752623
27753441
27752445
27755738
27753832
27735575
28263928
28262361
28291182
28294971
28290691
28291328
28291166
28314263
28311558
28330170
28331613
28330871
28323602
29226813
29223181
29222567
28308344
26886278
28323513
28319923
26890038
28347692
28345231
28346505
28350634
28347561
28332849
29228735
29227739
29228182
29242827
29242720
29244901
29246296
28308549
28305221
28308701
28310471
28310446
28309570
29228786
28295439
28301382
28354982
28355024
26906830
26906856
29200971
26906481
29246458
29242584
28324781
28320069
28321553
28320476
28320280
28335660
28336275
29194962
29212804
29225124
29228310
29228093
29226821
29224675
29226309
29225418
29230853
29227399
29229065
29245818
29250366
29254418
29251150
28286367
28293606
28309987
29181127
29194563
29200881
29200709
29200903
29206804
29210968
26908310
26895617
28314433
28312155
28348206
28351371
28348532
28330668
29188610
29209731
29209781
29209226
29255686
29267498
01580094
01546431
02141248
29265665
29279135
29293847
29278821
27691055
29254701
29365481
02055708
03292657
03250661
03262243 
03308316
03290867
29263409
29281369
29281032
29285925
29289505
29304741
29372216
29316502
02137861
02520478
26292815
29317894
01733567
03128440
03173135
26964881
29310440
29309999
26930129
29321387
29320445
29321905
26886260
29311845
03308235
03412636
29207975
03497101
03498034
03551351
29260051
29360447
29371767
29372682
01581091
01589652
02173051
02298996
29257247
29277680
29308330
29352355
29351880
02460696
02402661
02412942
02413779
02439735
03604471
03540642
03578330
03572480
03579689
03565971
04280296
04855671
04927001
05456321
29183430
04788940
04792033
04882458
04688554
04660382
04788958
05619351
03912175
03908836
03928985
03947254
04088182
03994821
03887944
03948455
03758672
04282833
01965913
04687795
03494357
03741206
03780538
03859894
03841499
03844161
03727921
03864821
04172566
04185447
04107152
04108485
04259343
04108582
04202856
04142667
04866215
04846770
03274756
03659658
03679373
03675441
03622924
03582353
03618692
03596419
03711048
03506665
03982262
04028490
04052374
04035445
04065514
04998014
03730930
03721434
05379296
